5 52244
10 33583
50 39049
100 59472
200 42053

5 59368
10 33583
50 33042
100 71533
200 48061

5 104488
10 26867
50 51064
100 82228
200 45057

5 64118
10 43658
50 24031
100 78663
200 36046

5 28497
10 26867
50 33042
100 67968
200 3004

5 61743
10 57092
50 33042
100 82228
200 3004

5 33246
10 3359
50 99467
100 4248
200 48061

5 18998
10 3359
50 500872
100 4248
200 3004

5 296840
10 10075
50 3004
100 4248
200 3004

5 18998
10 217352
50 236613
100 4248
200 3004

5 118736
10 20150
50 33042
100 78663
200 55502

5 307407
10 43658
50 36046
100 71533
200 48061

5 35621
10 30225
50 24031
100 78663
200 48061

5 42745
10 36941
50 39049
100 67968
200 6008

5 33246
10 36941
50 33042
100 71533
200 3004

400 4248
500 3800
600 3469
800 3004

400 4248
500 3800
600 3469
800 3004

400 4248
500 3800
600 3469
800 3004

400 4248
500 3800
600 3469
800 3004

400 4248
500 3800
600 3469
800 3004

400 4248
500 3800
600 3469
800 15018
